4294967279,114
4294967279,113
4294967279,112
4294967279,111
4294967279,110
4294967279,109
4294967279,108
4294967278,5
4294967278,4
4294967279,132
4294967279,131
4294967279,130
4294967279,129
4294967279,128
4294967279,127
4294967279,126
4294967279,125
4294967279,124
4294967279,123
4294967279,122
4294967279,121
4294967279,120
4294967279,119
4294967279,118
4294967279,117
4294967279,116
4294967279,115
4294967278,336
4294967278,45
4294967278,44
4294967278,43
4294967278,42
4294967278,40
4294967278,37
4294967278,36
4294967278,35
4294967278,34
4294967278,319
4294967278,33
4294967278,318
4294967278,32
4294967278,31
4294967278,317
4294967278,30
4294967278,29
4294967278,28
4294967278,27
4294967278,26
4294967278,25
4294967278,290
4294967278,24
4294967278,23
4294967278,22
4294967278,21
4294967278,20
4294967278,284
4294967278,19
4294967278,18
4294967278,286
4294967278,17
4294967278,272
4294967278,16
4294967278,15
4294967278,14
4294967278,13
4294967278,282
4294967278,12
4294967278,11
4294967278,10
4294967278,9
4294967278,8
4294967278,7
4294967278,6
4294967278,203
4294967278,202
4294967278,201
4294967278,200
4294967278,195
4294967279,194
4294967279,192
4294967278,191
4294967279,191
4294967279,189
4294967279,188
4294967279,187
4294967279,185
4294967279,296
4294967279,183
4294967278,307
4294967278,346
4294967279,531
4294967294,435
4294967278,180
4294967294,177
4294967294,178
4294967294,420
4294967294,168
4294967294,919
4294967294,414
4294967294,442
4294967294,401
4294967294,119
4294967294,164
4294967294,454
4294967279,530
4294967278,328
4294967279,529
4294967278,370
4294967279,177
4294967278,326
4294967279,175
4294967278,172
4294967278,169
4294967278,171
73,5
4294967279,171
73,4
4294967278,170
73,3
73,2
73,1
4294967278,325
4294967279,170
4294967278,168
4294967279,168
4294967278,167
4294967279,167
4294967278,166
4294967279,166
4294967278,165
4294967279,165
4294967278,164
4294967279,164
71,4
4294967278,163
71,3
71,2
71,1
4294967278,341
4294967279,163
4294967278,162
4294967278,159
4294967279,161
4294967279,574
4294967278,324
4294967278,298
4294967278,47
70,6
4294967279,157
4294967278,46
4294967278,158
4294967278,354
4294967279,526
4294967279,156
4294967278,157
70,5
4294967278,41
4294967279,155
4294967278,155
70,4
4294967278,154
70,3
70,2
70,1
4294967278,322
4294967279,153
4294967278,153
4294967279,152
4294967278,38
4294967294,120
4294967278,150
4294967279,151
4294967279,559
4294967278,39
4294967278,338
4294967278,296
4294967279,150
69,5
4294967278,148
69,4
4294967279,147
69,3
69,2
69,1
4294967279,288
4294967294,392
4294967294,386
4294967294,387
4294967279,311
4294967279,141
4294967279,140
4294967279,272
4294967279,139
68,5
68,4
4294967279,138
68,3
68,2
68,1
4294967279,137
4294967279,285
4294967279,306
67,5
4294967279,133
4294967279,271
67,4
67,3
67,2
67,1
4294967279,270
4294967279,283
4294967279,279
4294967279,266
4294967279,282
4294967279,265
4294967279,264
4294967294,468
4294967279,263
4294967278,58
4294967278,57
4294967278,56
4294967278,55
4294967278,54
4294967278,53
4294967278,52
4294967278,51
4294967278,50
4294967278,49
4294967278,48
4294967279,78
4294967279,77
4294967279,75
4294967279,73
4294967279,71
4294967279,70
4294967279,68
4294967279,67
4294967279,64
4294967279,63
4294967279,62
4294967279,60
4294967279,57
4294967279,55
4294967279,54
4294967279,52
4294967279,51
4294967279,49
4294967279,48
4294967279,47
4294967279,45
4294967279,44
4294967279,42
4294967279,41
4294967279,39
4294967279,38
4294967279,37
4294967279,36
4294967279,33
4294967279,32
4294967279,31
4294967279,30
4294967279,29
4294967279,28
4294967279,27
4294967279,26
4294967279,25
4294967279,22
4294967279,21
4294967279,19
4294967279,18
4294967279,17
4294967279,14
4294967279,13
4294967279,11
4294967279,280
4294967279,10
4294967279,257
4294967278,263
4294967294,393
4294967294,388
4294967279,573
4294967279,572
4294967278,383
4294967278,257
4294967278,363
4294967279,571
4294967278,362
4294967278,382
4294967278,361
4294967278,360
4294967278,381
4294967278,255
4294967279,570
4294967278,380
4294967294,397
4294967294,396
4294967294,385
4294967294,948
4294967294,398
4294967294,402
4294967294,415
4294967294,167
4294967294,411
4294967294,113
4294967294,160
4294967294,451
4294967294,466
4294967279,569
4294967279,568
4294967278,379
4294967278,0
4294967278,252
4294967278,251
4294967294,423
4294967294,902
4294967278,247
4294967278,246
4294967278,249
4294967279,567
4294967278,245
4294967294,99
4294967294,107
4294967294,91
4294967294,87
